    109 0A56
     79 0A59
     76 0A58
     70 0A4B
     65 0A5A
     55 0A48
     54 0A57
     53 0A5E
     52 0A5C
     52 048F
     48 1803
     47 043F
     46 0A4A
     41 0A4D
     39 1808
     39 06E5
     34 0A6D
     34 0A49
     31 0A4F
     31 0A4C
     30 0A4E
     29 0513
     29 0496
     28 00BF
     26 08F0
     23 0A53
     23 0A51
     23 0825
     22 9122
     22 06E0
     22 045F
     20 1804
     19 0A5F
     18 04AA
     18 0493
     17 0A54
     17 066A
     17 0669
     17 0341
     17 00C0
     16 1500
     16 0A50
     16 0983
     16 0750
     16 06C1
     16 0491
     16 0475
     15 0982
     15 086A
     15 0490
     15 0459
     15 0435
     14 913E
     14 0A5B
     14 0984
     14 08C4
     14 086B
     14 0831
     14 081D
     14 0667
     14 0467
     14 043D
     14 0402
     14 0398
     13 911F
     13 0A52
     13 0872
     13 083E
     13 0809
     13 0740
     13 03A0
     12 1805
     12 1304
     12 0A62
     12 09E0
     12 08E1
     12 08C3
     12 0884
     12 060F
     12 0569
     12 0468
     12 0465
     12 0431
     11 1106
     11 09F0
     11 08B7
     11 087A
     11 086D
     11 0834
     11 0833
     11 0816
     11 0800
     11 07CB
     11 0668
     11 0494
     11 047A
     11 044A
     11 0437
     10 9163
     10 0BFE
     10 0A60
     10 0979
     10 08AB
     10 0835
     10 0766
     10 0755
     10 06FF
     10 06FE
     10 06BD
     10 0460
     10 0403
     10 0309
      9 9123
      9 1807
      9 1102
      9 09E5
      9 08EA
      9 08BA
      9 0856
      9 0836
      9 07B8
      9 0726
      9 0725
      9 0471
      9 0441
      9 043B
      9 0433
      9 03A2
      9 0396
      8 9154
      8 913D
      8 1D00
      8 1802
      8 0A66
      8 09ED
      8 09DC
      8 09C8
      8 08CB
      8 08C6
      8 088A
      8 086E
      8 07C5
      8 07C4
      8 056A
      8 0523
      8 0522
      8 0521
      8 0506
      8 0495
      8 0492
      8 045A
      8 0455
      8 0401
      8 03A5
      8 0366
      8 030C
      8 030A
      7 9162
      7 9140
      7 1806
      7 0BFD
      7 0A64
      7 0A61
      7 09E7
      7 097B
      7 08F8
      7 08EF
      7 08C7
      7 08C2
      7 08C0
      7 08AC
      7 0805
      7 0767
      7 075B
      7 074F
      7 0622
      7 0505
      7 04FD
      7 047F
      7 047D
      7 045E
      7 044E
      7 03C2
      7 03A4
      7 0362
      7 0360
      6 9125
      6 910B
      6 9103
      6 190B
      6 1903
      6 0A68
      6 09E8
      6 09CD
      6 09C3
      6 097D
      6 08C8
      6 080B
      6 07C3
      6 0781
      6 075A
      6 06F7
      6 06BF
      6 0574
      6 0560
      6 0538
      6 0518
      6 050A
      6 0501
      6 04FE
      6 04A0
      6 049C
      6 048B
      6 047E
      6 0470
      6 044B
      6 0397
      6 0383
      6 036F
      6 036B
      6 0342
      6 004B
      5 9412
      5 91F7
      5 9152
      5 914C
      5 9149
      5 9146
      5 913A
      5 9139
      5 9127
      5 90B5
      5 200B
      5 200A
      5 1D01
      5 1701
      5 1700
      5 1303
      5 0A63
      5 09E6
      5 09BE
      5 087E
      5 0874
      5 0853
      5 0852
      5 0851
      5 084E
      5 0841
      5 0832
      5 0830
      5 0828
      5 0823
      5 080E
      5 07F1
      5 07C7
      5 07A4
      5 079D
      5 073E
      5 073B
      5 0734
      5 0700
      5 06FB
      5 06FA
      5 06D9
      5 06D0
      5 06CE
      5 06CD
      5 0626
      5 0603
      5 054B
      5 0517
      5 0502
      5 04A2
      5 04A1
      5 049F
      5 049B
      5 045C
      5 03FA
      5 03B7
      5 03B5
      5 03AF
      5 0346
      5 0043
      4 91FD
      4 91F4
      4 9167
      4 9150
      4 914F
      4 914E
      4 914D
      4 9147
      4 9145
      4 9126
      4 910C
      4 90D0
      4 90B2
      4 7781
      4 1BFF
      4 1908
      4 1905
      4 18FF
      4 1801
      4 1702
      4 1110
      4 0D40
      4 0ABD
      4 0A6A
      4 0A65
      4 0A55
      4 09CA
      4 09C9
      4 097A
      4 08FD
      4 08E9
      4 08E4
      4 08E0
      4 08CD
      4 08B8
      4 08A6
      4 0898
      4 088C
      4 0889
      4 087C
      4 087B
      4 0879
      4 0873
      4 0871
      4 086F
      4 085E
      4 085C
      4 0854
      4 084C
      4 0847
      4 0844
      4 082E
      4 0826
      4 0824
      4 0822
      4 080C
      4 0801
      4 07FF
      4 07FE
      4 07FD
      4 07FC
      4 07CD
      4 07CC
      4 07A8
      4 07A7
      4 07A6
      4 07A5
      4 0790
      4 0784
      4 0783
      4 0782
      4 077F
      4 076A
      4 0769
      4 0768
      4 0765
      4 074B
      4 0742
      4 0735
      4 0733
      4 0731
      4 0730
      4 072F
      4 072B
      4 06FD
      4 06FC
      4 06C9
      4 06C4
      4 0625
      4 0621
      4 061F
      4 060A
      4 0609
      4 0573
      4 04FB
      4 04F1
      4 04BD
      4 049D
      4 0498
      4 048C
      4 047B
      4 046E
      4 046A
      4 0469
      4 0463
      4 0458
      4 0448
      4 0447
      4 03FE
      4 03EF
      4 03C0
      4 03BA
      4 03B4
      4 03A7
      4 0391
      4 0387
      4 0385
      4 0377
      4 0375
      4 0373
      4 034D
      4 0347
      4 031D
      4 0315
      4 0311
      4 030F
      4 030D
      4 004C
      4 000F
      3 92EF
      3 91FC
      3 91F3
      3 91F2
      3 91F0
      3 91EF
      3 9166
      3 914A
      3 9148
      3 9144
      3 912C
      3 9108
      3 90D1
      3 90B3
      3 782B
      3 7812
      3 21FF
      3 1F08
      3 1F05
      3 1D04
      3 1900
      3 170A
      3 1709
      3 1708
      3 0CE3
      3 0A76
      3 0A6E
      3 0A6C
      3 0A67
      3 0A46
      3 09F1
      3 09EF
      3 09EB
      3 09EA
      3 09DF
      3 09CE
      3 09CB
      3 098B
      3 0985
      3 097E
      3 0970
      3 08F3
      3 08E5
      3 08E3
      3 08DF
      3 08B9
      3 08A8
      3 0899
      3 0894
      3 0893
      3 0890
      3 088F
      3 086C
      3 0869
      3 084D
      3 084B
      3 083D
      3 0827
      3 081C
      3 080D
      3 0806
      3 0803
      3 0802
      3 078F
      3 078A
      3 0785
      3 0780
      3 0757
      3 0756
      3 0741
      3 072A
      3 0706
      3 0702
      3 06F8
      3 06E3
      3 06DA
      3 06D8
      3 06D2
      3 06D1
      3 06CF
      3 06CC
      3 06CB
      3 0672
      3 066F
      3 0647
      3 0645
      3 062D
      3 060B
      3 0607
      3 0604
      3 0601
      3 05F5
      3 05F4
      3 05F3
      3 05F2
      3 05F1
      3 05F0
      3 05EF
      3 057C
      3 057B
      3 057A
      3 0577
      3 0576
      3 0571
      3 0566
      3 055E
      3 0542
      3 0541
      3 052A
      3 0529
      3 0525
      3 051C
      3 051B
      3 0515
      3 050E
      3 0509
      3 049A
      3 0499
      3 046B
      3 03F9
      3 03F7
      3 03F5
      3 03CB
      3 03C3
      3 03BE
      3 03BD
      3 03BC
      3 03B9
      3 037D
      3 037B
      3 036C
      3 0367
      3 0364
      3 0348
      3 033F
      3 031E
      3 031C
      3 0307
      3 007E
      3 0025
      3 0015
      3 0014
      3 0013
      3 0010
      3 000E
      2 A382
      2 9414
      2 9411
      2 9410
      2 940F
      2 92F1
      2 92F0
      2 91FE
      2 91F6
      2 91F1
      2 91E7
      2 9160
      2 915F
      2 9143
      2 9138
      2 9137
      2 9121
      2 910E
      2 910D
      2 9109
      2 90CF
      2 90B0
      2 31A2
      2 310E
      2 202F
      2 2008
      2 2006
      2 1F06
      2 1C09
      2 1943
      2 1918
      2 1917
      2 1640
      2 1504
      2 1501
      2 130A
      2 1300
      2 1150
      2 1107
      2 1105
      2 1032
      2 0F20
      2 0BFF
      2 0A74
      2 0A72
      2 0A47
      2 09FF
      2 09DA
      2 09CC
      2 09C7
      2 09C6
      2 09BD
      2 098F
      2 098E
      2 0988
      2 0981
      2 0980
      2 097C
      2 08F7
      2 08F6
      2 08F5
      2 08E2
      2 08CA
      2 08BE
      2 08BD
      2 08BC
      2 08AE
      2 08A7
      2 08A4
      2 0895
      2 0892
      2 0888
      2 0878
      2 0877
      2 0870
      2 085A
      2 0859
      2 0858
      2 084F
      2 0845
      2 0843
      2 083A
      2 0839
      2 0815
      2 0814
      2 0810
      2 0808
      2 0804
      2 07F3
      2 07D4
      2 07A2
      2 0791
      2 078D
      2 0787
      2 0786
      2 0772
      2 076F
      2 076E
      2 075F
      2 075E
      2 075C
      2 0759
      2 0758
      2 0754
      2 0743
      2 0724
      2 0704
      2 0703
      2 06F1
      2 06E6
      2 06E2
      2 06E1
      2 06D7
      2 06C2
      2 069D
      2 068E
      2 0685
      2 0680
      2 067F
      2 067D
      2 067C
      2 067B
      2 0678
      2 0677
      2 0671
      2 0637
      2 0636
      2 0635
      2 0632
      2 0630
      2 0627
      2 060E
      2 0608
      2 0606
      2 0605
      2 0602
      2 0600
      2 05FF
      2 0579
      2 0578
      2 0572
      2 0570
      2 0567
      2 0546
      2 0545
      2 0544
      2 0543
      2 0540
      2 053F
      2 053E
      2 053D
      2 053C
      2 053B
      2 053A
      2 0539
      2 052E
      2 052D
      2 0524
      2 050D
      2 050C
      2 0508
      2 0504
      2 04F5
      2 04F3
      2 04B0
      2 04A6
      2 04A5
      2 0497
      2 048D
      2 048A
      2 0489
      2 046F
      2 0462
      2 045D
      2 045B
      2 0442
      2 0440
      2 0436
      2 040C
      2 040B
      2 040A
      2 0409
      2 0408
      2 0407
      2 03FD
      2 03EB
      2 03E9
      2 03E7
      2 03E5
      2 03E3
      2 03E1
      2 03DF
      2 03D1
      2 03CF
      2 03BF
      2 03BB
      2 03B3
      2 03B2
      2 03AB
      2 03A8
      2 039F
      2 039E
      2 039B
      2 039A
      2 0399
      2 0382
      2 0376
      2 0374
      2 0365
      2 035F
      2 034E
      2 034C
      2 0319
      2 0317
      2 030B
      2 0101
      2 00FF
      2 00FC
      2 009F
      2 0024
      2 001A
      2 0019
      2 0004
      2 0001
      1 E68E
      1 E5D0
      1 E52C
      1 E526
      1 E4BD
      1 E499
      1 E053
      1 E011
      1 E000
      1 DFFD
      1 DE44
      1 DE02
      1 D8FB
      1 D8E8
      1 D8C3
      1 D84F
      1 D74F
      1 D4DB
      1 D4C4
      1 D1DF
      1 B8E2
      1 B733
      1 B730
      1 B64B
      1 B648
      1 B63F
      1 A778
      1 A75D
      1 A597
      1 A56E
      1 A54E
      1 A4AE
      1 A499
      1 A456
      1 A455
      1 A274
      1 A251
      1 A215
      1 A214
      1 A213
      1 A13F
      1 A0E7
      1 A0B7
      1 A087
      1 A057
      1 9FFE
      1 9CC3
      1 9C13
      1 9C12
      1 9C11
      1 9413
      1 940B
      1 91F8
      1 9168
      1 9164
      1 9161
      1 913F
      1 910F
      1 90BF
      1 90B6
      1 90B1
      1 9093
      1 9082
      1 8F93
      1 8F57
      1 8E0E
      1 8DDE
      1 8CF6
      1 8B6B
      1 8ABE
      1 8AB4
      1 8A63
      1 8A2C
      1 8A11
      1 882C
      1 87F1
      1 8700
      1 86AE
      1 8460
      1 83F5
      1 7A17
      1 79C6
      1 77E5
      1 74A9
      1 742B
      1 7416
      1 6330
      1 632E
      1 62F7
      1 62E7
      1 5CE4
      1 5CA6
      1 5BE4
      1 5BE3
      1 3290
      1 31A1
      1 3105
      1 2EDF
      1 2327
      1 2200
      1 2133
      1 2030
      1 200E
      1 2002
      1 2001
      1 2000
      1 1FFF
      1 1F3F
      1 1F03
      1 1F02
      1 1F01
      1 1F00
      1 1E06
      1 1E05
      1 1E03
      1 1E02
      1 1D4B
      1 1C1A
      1 1C10
      1 1B0A
      1 1B06
      1 1B02
      1 190D
      1 190C
      1 190A
      1 1909
      1 1906
      1 1904
      1 1901
      1 176F
      1 170E
      1 170D
      1 170C
      1 16F8
      1 16F6
      1 16E7
      1 1656
      1 1655
      1 1652
      1 1636
      1 1606
      1 1542
      1 1541
      1 150F
      1 1503
      1 14FF
      1 1308
      1 1306
      1 12FF
      1 121B
      1 1151
      1 114D
      1 1124
      1 1120
      1 111C
      1 1118
      1 1103
      1 1101
      1 1042
      1 103E
      1 103D
      1 103C
      1 103B
      1 1001
      1 1000
      1 0F5C
      1 0D47
      1 0D41
      1 0D15
      1 0C58
      1 0A70
      1 0A69
      1 0A44
      1 0A00
      1 09F5
      1 09EE
      1 09EC
      1 09DB
      1 09C2
      1 09BF
      1 0971
      1 08FC
      1 08F9
      1 08F4
      1 08E8
      1 08DD
      1 08DB
      1 08D9
      1 08D7
      1 08D5
      1 08D3
      1 08D1
      1 08CF
      1 08CE
      1 08CC
      1 08A9
      1 08A5
      1 0887
      1 0885
      1 0857
      1 0850
      1 084A
      1 0846
      1 0840
      1 083F
      1 0838
      1 0837
      1 082F
      1 0807
      1 07F5
      1 07F2
      1 07D9
      1 07D8
      1 07D7
      1 07D1
      1 07C2
      1 07A9
      1 079F
      1 076D
      1 076C
      1 076B
      1 075D
      1 074E
      1 0745
      1 0744
      1 0736
      1 0732
      1 072D
      1 072C
      1 0729
      1 0728
      1 0723
      1 06F9
      1 06F6
      1 06F2
      1 06F0
      1 06D5
      1 06C3
      1 06BE
      1 0689
      1 0687
      1 066D
      1 0666
      1 0664
      1 0663
      1 0661
      1 0660
      1 065F
      1 0639
      1 0638
      1 0634
      1 062F
      1 0620
      1 05E0
      1 05DF
      1 05C2
      1 05C1
      1 05B8
      1 05B1
      1 0575
      1 0565
      1 055F
      1 054D
      1 0537
      1 0536
      1 0535
      1 0534
      1 0533
      1 0532
      1 0531
      1 0528
      1 0527
      1 0526
      1 0520
      1 051F
      1 051E
      1 051D
      1 0519
      1 0511
      1 0510
      1 050F
      1 050B
      1 0507
      1 0503
      1 04F7
      1 04DC
      1 04BC
      1 04AC
      1 04A9
      1 04A8
      1 04A7
      1 04A4
      1 04A3
      1 048E
      1 047C
      1 0464
      1 0457
      1 0456
      1 0454
      1 0453
      1 0451
      1 0450
      1 043E
      1 043C
      1 0438
      1 0410
      1 040F
      1 040E
      1 040D
      1 03F0
      1 03DD
      1 03D2
      1 03D0
      1 03CA
      1 03C1
      1 03B0
      1 03AC
      1 03AA
      1 039C
      1 0386
      1 0384
      1 037F
      1 037E
      1 037C
      1 0378
      1 0372
      1 0370
      1 036D
      1 0363
      1 0344
      1 033C
      1 0335
      1 0331
      1 032A
      1 0329
      1 0318
      1 0308
      1 0100
      1 00FB
      1 00FA
      1 008E
      1 008D
      1 006F
      1 0045
      1 0044
      1 0039
      1 0027
      1 0026
      1 001C
      1 0018
      1 0017
      1 0016
      1 0012
      1 000D
      1 000C
      1 000A
      1 0009
      1 0008
      1 0007
      1 0006
      1 0005
      1 0003
      1 0002
      1 0000
